8450
7670
5309
3521
8539
1047
6436
9956
2844
3644
5399
397
9685
4526
5985
1647
7079
4981
1209
4503
9873
2035
7650
1939
5679
5658
8485
1678
5339
7209
5781
3241
1776
5385
5290
2585
2947
7573
3429
4691
1818
1561
8201
4107
5315
1855
6254
4774
1523
4848
4375
2093
9389
4119
3869
4989
2890
7662
525
235
1571
5065
3738
796
9973
2412
221
9115
3034
7387
5071
1788
102
9610
8452
8204
7241
3632
686
6853
6766
6593
3721
2528
1036
2050
7002
6407
2966
8120
6001
850
503
5303
6221
4714
9128
8811
18
9917
5098
6165
771
1393
3155
5862
2320
313
681
6943
7374
3636
9361
4418
1935
1950
1504
6069
1441
3967
9577
6163
2137
3553
6336
8948
7327
5391
61
9835
5387
7780
6892
2573
261
8655
224
3169
7561
692
3856
6402
1495
5570
8231
7357
5708
4691
9333
2833
2172
6237
1484
5972
5591
6016
5581
9424
5183
3828
9206
9163
2616
4518
7794
1067
8406
4388
7339
7269
726
8335
4572
8074
2534
6446
6558
3835
9962
7737
1417
4743
5738
1007
7867
7660
6416
7029
950
7431
8366
1220
9974
4490
3975
5329
4060
9295
4300
5785
8558
8841
532
5757
3244
3482
6394
3257
7159
2167
7708
1041
6890
8866
6263
2797
6856
5499
6313
9010
5357
1864
2196
3983
7847
5575
4141
6311
8128
4899
7334
9451
9212
9975
1922
4912
5886
3880
5602
321
5950
6782
8713
8578
2564
6419
673
8301
4572
6316
4710
9166
720
6188
8561
3840
453
4201
127
6137
8492
9771
8008
6019
5272
8983
7431
3007
794
2876
4815
1252
674
6077
1217
8223
9879
1904
946
8651
69
5181
8421
4928
2435
6590
9950
6260
3198
5561
3019
6990
8124
6497
5449
8274
7908
8116
9110
5005
4048
5060
3054
6354
6170
554
8484
7544
3669
3040
6923
7596
3163
6387
5082
8486
8851
9714
5932
8669
2664
3166
313
8398
5591
9946
5040
7534
162
2451
4108
2891
9002
1017
748
6649
3158
3659
7212
2703
8072
3079
4430
8927
9758
1386
9366
2044
9299
5967
1947
2853
1352
4190
8217
8992
9641
9239
2620
6824
7448
3899
3231
897
2205
3433
6845
5598
6833
7692
6299
6863
2979
690
9521
9136
2933
429
4384
5921
8568
6274
1883
9552
790
1220
8355
6315
2455
9046
2316
2461
8890
2113
3536
3308
720
468
6273
4690
8087
3882
7604
4906
6443
9165
3243
4351
2350
6810
7024
6308
3314
6415
8056
1050
1831
64
7753
238
8347
3259
6970
9393
3221
5827
633
7892
9859
8008
2929
5410
3924
4899
6637
5756
185
4322
9902
9328
2930
9040
768
3453
4329
4210
9490
966
5894
5948
3306
7162
8855
866
1000
8624
4633
17
8628
4171
9818
7973
5458
9928
1033
9604
6896
9754
3795
3627
8559
5187
9015
1219
599
3811
5796
1140
5031
3803
7200
1902
6515
3873
3838
7175
4072
8538
1084
3059
7500
8263
9677
6156
2741
4078
2068
5687
8012
9299
8863
6815
7936
7339
1934
4134
4827
4747
6615
277
9122
1769
2604
5557
5666
3730
2731
5497
278
3277
6574
1251
2428
5532
7379
2199
5664
6708
8000
5806
7425
5141
1568
439
1250
3484
1914
7589
7234
9501
393
1972
5257
4735
6045
8318
7213
4549
2355
4271
6156
657
7424
697
3525
8280
3510
3087
8224
4304
6561
4978
1254
5214
7611
2561
7259
2048
8214
3162
3597
2840
2603
3737
1923
3578
1414
5855
2995
4520
7459
7677
5738
9760
2479
9710
8166
7087
5980
3548
3477
2687
4782
9046
7243
1976
375
4368
1594
6483
9779
2175
6608
6972
1078
9348
5836
7804
7482
956
2467
9982
343
5914
5653
4812
367
1062
7430
7085
9387
2810
9935
6422
4478
4527
3467
8274
1661
2222
4506
8557
1370
6384
9890
3487
5053
5498
6287
7211
9899
8647
2438
7259
1803
4144
4712
1914
6615
974
6495
7072
7538
3083
8315
4867
5627
1911
3724
4212
9718
704
3800
3964
3488
313
4457
1270
692
1871
9830
3022
4243
761
8113
9458
9125
2381
2447
2829
7349
2104
5877
9113
5210
5189
4516
8492
4701
3495
8207
8444
3966
9983
8636
3510
6623
7756
2322
3316
3067
5850
7484
9408
6802
5261
9734
879
3519
6529
9181
8881
4819
9755
7477
8460
5013
9952
4754
1395
8997
7856
1667
3437
1784
5769
7271
9623
8492
5944
6845
9788
3048
4960
7713
9518
207
4999
6376
8689
4765
7225
2394
8997
2365
9081
9305
6743
5881
5008
505
3353
2149
6685
4693
7490
9180
1121
4562
8640
1086
1919
4866
9925
7282
9085
6095
9487
8737
4170
670
3209
2443
6685
2650
7464
6309
6926
1114
4010
6638
3861
9720
3985
3304
9545
6238
4845
8217
1424
1483
9384
662
2971
3391
9129
6827
447
8802
540
2650
5754
9225
6482
3130
7049
6920
9760
131
5125
9190
6589
9484
1742
3075
652
9297
3174
4167
7937
4346
3647
6013
6981
3558
7088
5968
1878
2714
5073
3982
3079
3066
2590
955
76
1345
7439
6672
9878
6563
5630
8677
8912
4986
1302
7866
7875
8275
7763
1566
9018
9435
8212
1280
1319
2886
2669
2656
4650
4597
4793
7502
4650
4450
7327
2786
1336
9014
7772
1157
6558
1194
8681
9980
4611
9146
7743
1685
6085
3726
170
307
2241
8160
2301
6744
2852
5406
7498
8303
3676
7483
3891
3262
861
6769
705
2640
4844
4186
4209
8949
8130
6005
3276
9706
253
6791
2480
7789
1620
5847
316
4318
7746
5905
9677
8298
5875
2443
6114
9300
2908
6694
4105
361
1764
2011
5325
2162
667
3484
2334
3672
249
3725
6512
8010
5754
4630
6148
777
8845
6876
9698
5400
2769
1779
4982
6110
7794
6239
2282
3600
968
2898
754
8935
3938
8414
6447
7808
3873
2909
4685
8068
3654
8942
2624
8685
7475
7744
1447
4549
915
4410
967
9065
1662
2459
6637
5384
3012
6260
6868
8567
4499
1813
2385
9245
4249
7585
8279
4658
739
294
63
6657
9380
