7928
7955
8916
7479
3348
5674
6877
9926
2506
3736
5292
9344
8711
6294
1659
8687
5010
2108
2984
1461
2920
9248
5577
699
2707
6658
8844
2108
9547
2118
5535
880
952
8992
8082
4803
5008
770
2546
9405
486
7026
4360
3940
1427
7642
5382
2495
5682
6178
943
9829
6738
2198
5161
6111
4231
6072
9998
7049
382
7812
8462
2176
9941
7045
9440
3830
4999
3200
582
9824
7603
3248
1991
6305
6187
7603
8191
695
719
4742
1222
7625
7149
1568
2637
4540
7925
3108
8752
7987
4581
3413
2178
5055
2948
8548
7149
8114
2747
2091
3581
329
8131
2083
230
7137
373
2188
8800
9508
851
1841
3322
821
6506
1057
6984
2791
2038
3474
8795
7671
6015
4613
7338
6948
4612
2834
9243
402
7341
4525
912
3418
3349
4450
9786
305
8680
8105
9483
2449
1590
7022
7047
6290
1822
827
2294
4338
5750
5938
3796
3772
6683
126
5118
4282
2628
9871
7027
5400
9285
1521
5059
3340
5226
6178
3383
7807
7010
1773
5790
8485
4134
3995
3238
7544
5498
1306
1017
5737
9405
5168
9317
592
2717
2245
7229
8485
9212
4936
2584
1618
3661
1029
7467
6733
2073
3256
5705
6855
8752
2459
4663
6460
72
8545
7836
1495
5796
3040
5504
18
156
6739
9839
170
737
7768
3352
3889
5883
1741
9393
7852
8385
6321
4627
9304
5217
8471
9235
9642
877
7469
5583
8494
3411
6682
7528
7505
8940
8121
7940
9224
5197
7502
9892
1948
2553
6945
781
6035
6848
6514
5120
9380
1683
3673
4253
981
5248
8272
5645
3162
9669
635
6410
4831
2501
5059
7586
1871
4053
1137
6965
8573
9197
7812
1742
7342
8930
6756
2824
586
7578
9898
2662
6701
7877
6482
6263
8224
8770
3148
4714
2695
8047
7473
4696
6674
6202
2446
7314
7242
4043
1695
2344
3019
2238
3178
5156
6896
7977
8233
8684
6049
4687
7777
7946
8121
1312
4729
3208
4845
5967
735
6363
7789
8302
6988
7815
1015
8119
6159
8274
3921
6079
6970
6925
6396
2340
8848
8274
3599
5300
503
8996
454
2400
9482
4118
6695
111
1242
3637
7203
6873
4460
3420
1229
2409
653
5822
5840
2133
3350
7144
1293
4004
8149
4662
204
854
6078
283
1773
6850
5418
3545
7418
5051
2076
4023
6934
6912
2341
9987
9330
1028
822
4644
9893
7482
5464
4603
3717
9946
2644
5765
7214
4108
569
2880
2225
3919
7259
3398
2949
3535
9809
9241
9086
5673
2692
6864
7456
7995
2347
7334
6365
8470
5001
1593
6590
929
4036
2084
2485
5174
7164
8454
2648
4372
4969
9777
9127
1960
6626
488
8341
641
2940
6030
6435
8387
212
1815
3593
9304
6943
1821
8673
179
8073
9863
3033
1678
5509
8169
7954
524
8785
1524
3553
2876
5404
7549
3648
5538
3913
59
2651
3583
960
7009
1505
1459
653
160
9628
3570
6840
1054
253
4482
4758
2901
3081
5528
1088
1283
7190
4474
3048
2784
3177
6503
7512
6322
2779
4927
5977
1116
7576
954
7736
8077
3042
9781
6828
1481
8987
5437
2944
9594
5055
1761
7302
9660
882
7771
6084
5790
1262
7476
7133
7094
6055
818
906
7365
1960
4238
223
2300
1015
136
7310
7161
6842
772
4721
6904
6678
8231
1787
7227
2480
2350
2186
7023
6778
5828
1486
8604
5566
6611
7555
3644
3348
908
608
5270
2047
9345
3234
7040
2583
4209
6441
4013
6163
3739
4081
6286
4026
2276
7482
7305
6858
8497
8793
8610
8588
6299
1199
9507
2186
6793
9043
2920
7183
5615
8016
7307
1110
490
318
5562
4492
8119
2294
9986
7011
5998
9688
8201
1090
9603
3652
9427
6384
2054
7201
7185
9101
3874
8915
9898
6121
21
9580
6736
7518
1138
8272
2166
624
3579
9710
6476
5453
3715
3163
8401
9615
3855
7934
9648
3557
6965
2753
2616
10000
2864
1406
2110
796
5872
7463
5372
8769
5301
2842
842
4473
5538
7641
9406
2406
8297
7851
2124
3313
4903
2923
5319
366
1816
9666
6846
5599
7451
4123
3753
6532
6489
9686
3674
23
5686
4411
6806
3726
6148
9288
2762
8303
3496
6109
1183
6390
8998
8425
936
2144
6409
5908
8161
5451
7769
7008
5738
9274
7386
3105
9400
2747
9083
6875
5568
7639
3202
1310
5177
5440
5183
9224
3596
1953
5676
656
8151
4373
4533
3992
2120
3568
5439
5014
4993
2046
1101
5253
8816
5905
413
2326
9589
5386
9262
1095
9217
9389
3541
127
1083
7225
8978
3816
4694
5695
6443
5838
4403
5145
6291
1204
2582
6003
2623
3612
2215
7785
305
1430
2411
8032
8263
4682
4216
7831
1947
202
5206
87
1657
2288
4147
2639
1734
4400
304
2567
5818
6867
5726
7139
4678
3359
7114
2756
3835
9153
8264
9355
4098
9139
1497
7791
9788
1098
7995
5996
1906
4991
1826
6280
8926
5913
5591
5707
1144
4211
8506
1921
872
5800
7710
1232
427
7672
7177
5119
6848
8889
6839
7947
3241
6063
3701
2241
5817
3725
9532
4774
1350
4715
3601
3685
9938
8764
6717
80
5109
2466
211
6394
2095
4361
7606
7179
4698
6542
700
7872
4645
9688
772
9741
7280
903
2505
4169
3850
7590
2351
284
7605
7816
52
2103
5506
4853
9602
9388
7583
2053
1890
480
3657
380
6029
7007
8467
7584
9105
9333
8408
1814
4750
3200
2683
4787
3215
2453
4240
3890
6941
4973
5337
9744
390
6067
7055
6722
9243
9644
8479
8933
9004
2448
47
6908
4787
7831
2045
6582
4424
3239
6649
8235
7183
8773
2453
1582
5470
2136
9923
5354
9732
1283
3227
5381
499
9511
1730
7905
2660
5238
1246
8974
9299
1821
5288
8796
3334
3329
3125
5048
9650
1515
951
9837
5633
5085
1676
9012
2593
3253
4439
5815
2734
4590
2637
6012
5416
1180
5940
3575
8538
24
8563
7300
3940
1414
2425
9608
3567
652
8485
6560
2956
4344
9778
9175
2257
4967
8669
1619
568
2912
7882
9500
5851
1111
