1.800000000000000000e+01
2.100000000000000000e+01
2.300000000000000000e+01
2.400000000000000000e+01
4.700000000000000000e+01
5.200000000000000000e+01
5.900000000000000000e+01
7.200000000000000000e+01
8.000000000000000000e+01
8.700000000000000000e+01
1.110000000000000000e+02
1.260000000000000000e+02
1.270000000000000000e+02
1.360000000000000000e+02
1.560000000000000000e+02
1.600000000000000000e+02
1.700000000000000000e+02
1.790000000000000000e+02
2.020000000000000000e+02
2.040000000000000000e+02
2.110000000000000000e+02
2.120000000000000000e+02
2.230000000000000000e+02
2.300000000000000000e+02
2.530000000000000000e+02
2.830000000000000000e+02
2.840000000000000000e+02
3.040000000000000000e+02
3.050000000000000000e+02
3.050000000000000000e+02
3.180000000000000000e+02
3.290000000000000000e+02
3.660000000000000000e+02
3.730000000000000000e+02
3.800000000000000000e+02
3.820000000000000000e+02
3.900000000000000000e+02
4.020000000000000000e+02
4.130000000000000000e+02
4.270000000000000000e+02
4.540000000000000000e+02
4.800000000000000000e+02
4.860000000000000000e+02
4.880000000000000000e+02
4.900000000000000000e+02
4.990000000000000000e+02
5.030000000000000000e+02
5.240000000000000000e+02
5.680000000000000000e+02
5.690000000000000000e+02
5.820000000000000000e+02
5.860000000000000000e+02
5.920000000000000000e+02
6.080000000000000000e+02
6.240000000000000000e+02
6.350000000000000000e+02
6.410000000000000000e+02
6.520000000000000000e+02
6.530000000000000000e+02
6.530000000000000000e+02
6.560000000000000000e+02
6.950000000000000000e+02
6.990000000000000000e+02
7.000000000000000000e+02
7.190000000000000000e+02
7.350000000000000000e+02
7.370000000000000000e+02
7.700000000000000000e+02
7.720000000000000000e+02
7.720000000000000000e+02
7.810000000000000000e+02
7.960000000000000000e+02
8.180000000000000000e+02
8.210000000000000000e+02
8.220000000000000000e+02
8.270000000000000000e+02
8.420000000000000000e+02
8.510000000000000000e+02
8.540000000000000000e+02
8.720000000000000000e+02
8.770000000000000000e+02
8.800000000000000000e+02
8.820000000000000000e+02
9.030000000000000000e+02
9.060000000000000000e+02
9.080000000000000000e+02
9.120000000000000000e+02
9.290000000000000000e+02
9.360000000000000000e+02
9.430000000000000000e+02
9.510000000000000000e+02
9.520000000000000000e+02
9.540000000000000000e+02
9.600000000000000000e+02
9.810000000000000000e+02
1.015000000000000000e+03
1.015000000000000000e+03
1.017000000000000000e+03
1.028000000000000000e+03
1.029000000000000000e+03
1.054000000000000000e+03
1.057000000000000000e+03
1.083000000000000000e+03
1.088000000000000000e+03
1.090000000000000000e+03
1.095000000000000000e+03
1.098000000000000000e+03
1.101000000000000000e+03
1.110000000000000000e+03
1.111000000000000000e+03
1.116000000000000000e+03
1.137000000000000000e+03
1.138000000000000000e+03
1.144000000000000000e+03
1.180000000000000000e+03
1.183000000000000000e+03
1.199000000000000000e+03
1.204000000000000000e+03
1.222000000000000000e+03
1.229000000000000000e+03
1.232000000000000000e+03
1.242000000000000000e+03
1.246000000000000000e+03
1.262000000000000000e+03
1.283000000000000000e+03
1.283000000000000000e+03
1.293000000000000000e+03
1.306000000000000000e+03
1.310000000000000000e+03
1.312000000000000000e+03
1.350000000000000000e+03
1.406000000000000000e+03
1.414000000000000000e+03
1.427000000000000000e+03
1.430000000000000000e+03
1.459000000000000000e+03
1.461000000000000000e+03
1.481000000000000000e+03
1.486000000000000000e+03
1.495000000000000000e+03
1.497000000000000000e+03
1.505000000000000000e+03
1.515000000000000000e+03
1.521000000000000000e+03
1.524000000000000000e+03
1.568000000000000000e+03
1.582000000000000000e+03
1.590000000000000000e+03
1.593000000000000000e+03
1.618000000000000000e+03
1.619000000000000000e+03
1.657000000000000000e+03
1.659000000000000000e+03
1.676000000000000000e+03
1.678000000000000000e+03
1.683000000000000000e+03
1.695000000000000000e+03
1.730000000000000000e+03
1.734000000000000000e+03
1.741000000000000000e+03
1.742000000000000000e+03
1.761000000000000000e+03
1.773000000000000000e+03
1.773000000000000000e+03
1.787000000000000000e+03
1.814000000000000000e+03
1.815000000000000000e+03
1.816000000000000000e+03
1.821000000000000000e+03
1.821000000000000000e+03
1.822000000000000000e+03
1.826000000000000000e+03
1.841000000000000000e+03
1.871000000000000000e+03
1.890000000000000000e+03
1.906000000000000000e+03
1.921000000000000000e+03
1.947000000000000000e+03
1.948000000000000000e+03
1.953000000000000000e+03
1.960000000000000000e+03
1.960000000000000000e+03
1.991000000000000000e+03
2.038000000000000000e+03
2.045000000000000000e+03
2.046000000000000000e+03
2.047000000000000000e+03
2.053000000000000000e+03
2.054000000000000000e+03
2.073000000000000000e+03
2.076000000000000000e+03
2.083000000000000000e+03
2.084000000000000000e+03
2.091000000000000000e+03
2.095000000000000000e+03
2.103000000000000000e+03
2.108000000000000000e+03
2.108000000000000000e+03
2.110000000000000000e+03
2.118000000000000000e+03
2.120000000000000000e+03
2.124000000000000000e+03
2.133000000000000000e+03
2.136000000000000000e+03
2.144000000000000000e+03
2.166000000000000000e+03
2.176000000000000000e+03
2.178000000000000000e+03
2.186000000000000000e+03
2.186000000000000000e+03
2.188000000000000000e+03
2.198000000000000000e+03
2.215000000000000000e+03
2.225000000000000000e+03
2.238000000000000000e+03
2.241000000000000000e+03
2.245000000000000000e+03
2.257000000000000000e+03
2.276000000000000000e+03
2.288000000000000000e+03
2.294000000000000000e+03
2.294000000000000000e+03
2.300000000000000000e+03
2.326000000000000000e+03
2.340000000000000000e+03
2.341000000000000000e+03
2.344000000000000000e+03
2.347000000000000000e+03
2.350000000000000000e+03
2.351000000000000000e+03
2.400000000000000000e+03
2.406000000000000000e+03
2.409000000000000000e+03
2.411000000000000000e+03
2.425000000000000000e+03
2.446000000000000000e+03
2.448000000000000000e+03
2.449000000000000000e+03
2.453000000000000000e+03
2.453000000000000000e+03
2.459000000000000000e+03
2.466000000000000000e+03
2.480000000000000000e+03
2.485000000000000000e+03
2.495000000000000000e+03
2.501000000000000000e+03
2.505000000000000000e+03
2.506000000000000000e+03
2.546000000000000000e+03
2.553000000000000000e+03
2.567000000000000000e+03
2.582000000000000000e+03
2.583000000000000000e+03
2.584000000000000000e+03
2.593000000000000000e+03
2.616000000000000000e+03
2.623000000000000000e+03
2.628000000000000000e+03
2.637000000000000000e+03
2.637000000000000000e+03
2.639000000000000000e+03
2.644000000000000000e+03
2.648000000000000000e+03
2.651000000000000000e+03
2.660000000000000000e+03
2.662000000000000000e+03
2.683000000000000000e+03
2.692000000000000000e+03
2.695000000000000000e+03
2.707000000000000000e+03
2.717000000000000000e+03
2.734000000000000000e+03
2.747000000000000000e+03
2.747000000000000000e+03
2.753000000000000000e+03
2.756000000000000000e+03
2.762000000000000000e+03
2.779000000000000000e+03
2.784000000000000000e+03
2.791000000000000000e+03
2.824000000000000000e+03
2.834000000000000000e+03
2.842000000000000000e+03
2.864000000000000000e+03
2.876000000000000000e+03
2.880000000000000000e+03
2.901000000000000000e+03
2.912000000000000000e+03
2.920000000000000000e+03
2.920000000000000000e+03
2.923000000000000000e+03
2.940000000000000000e+03
2.944000000000000000e+03
2.948000000000000000e+03
2.949000000000000000e+03
2.956000000000000000e+03
2.984000000000000000e+03
3.019000000000000000e+03
3.033000000000000000e+03
3.040000000000000000e+03
3.042000000000000000e+03
3.048000000000000000e+03
3.081000000000000000e+03
3.105000000000000000e+03
3.108000000000000000e+03
3.125000000000000000e+03
3.148000000000000000e+03
3.162000000000000000e+03
3.163000000000000000e+03
3.177000000000000000e+03
3.178000000000000000e+03
3.200000000000000000e+03
3.200000000000000000e+03
3.202000000000000000e+03
3.208000000000000000e+03
3.215000000000000000e+03
3.227000000000000000e+03
3.234000000000000000e+03
3.238000000000000000e+03
3.239000000000000000e+03
3.241000000000000000e+03
3.248000000000000000e+03
3.253000000000000000e+03
3.256000000000000000e+03
3.313000000000000000e+03
3.322000000000000000e+03
3.329000000000000000e+03
3.334000000000000000e+03
3.340000000000000000e+03
3.348000000000000000e+03
3.348000000000000000e+03
3.349000000000000000e+03
3.350000000000000000e+03
3.352000000000000000e+03
3.359000000000000000e+03
3.383000000000000000e+03
3.398000000000000000e+03
3.411000000000000000e+03
3.413000000000000000e+03
3.418000000000000000e+03
3.420000000000000000e+03
3.474000000000000000e+03
3.496000000000000000e+03
3.535000000000000000e+03
3.541000000000000000e+03
3.545000000000000000e+03
3.553000000000000000e+03
3.557000000000000000e+03
3.567000000000000000e+03
3.568000000000000000e+03
3.570000000000000000e+03
3.575000000000000000e+03
3.579000000000000000e+03
3.581000000000000000e+03
3.583000000000000000e+03
3.593000000000000000e+03
3.596000000000000000e+03
3.599000000000000000e+03
3.601000000000000000e+03
3.612000000000000000e+03
3.637000000000000000e+03
3.644000000000000000e+03
3.648000000000000000e+03
3.652000000000000000e+03
3.657000000000000000e+03
3.661000000000000000e+03
3.673000000000000000e+03
3.674000000000000000e+03
3.685000000000000000e+03
3.701000000000000000e+03
3.715000000000000000e+03
3.717000000000000000e+03
3.725000000000000000e+03
3.726000000000000000e+03
3.736000000000000000e+03
3.739000000000000000e+03
3.753000000000000000e+03
3.772000000000000000e+03
3.796000000000000000e+03
3.816000000000000000e+03
3.830000000000000000e+03
3.835000000000000000e+03
3.850000000000000000e+03
3.855000000000000000e+03
3.874000000000000000e+03
3.889000000000000000e+03
3.890000000000000000e+03
3.913000000000000000e+03
3.919000000000000000e+03
3.921000000000000000e+03
3.940000000000000000e+03
3.940000000000000000e+03
3.992000000000000000e+03
3.995000000000000000e+03
4.004000000000000000e+03
4.013000000000000000e+03
4.023000000000000000e+03
4.026000000000000000e+03
4.036000000000000000e+03
4.043000000000000000e+03
4.053000000000000000e+03
4.081000000000000000e+03
4.098000000000000000e+03
4.108000000000000000e+03
4.118000000000000000e+03
4.123000000000000000e+03
4.134000000000000000e+03
4.147000000000000000e+03
4.169000000000000000e+03
4.209000000000000000e+03
4.211000000000000000e+03
4.216000000000000000e+03
4.231000000000000000e+03
4.238000000000000000e+03
4.240000000000000000e+03
4.253000000000000000e+03
4.282000000000000000e+03
4.338000000000000000e+03
4.344000000000000000e+03
4.360000000000000000e+03
4.361000000000000000e+03
4.372000000000000000e+03
4.373000000000000000e+03
4.400000000000000000e+03
4.403000000000000000e+03
4.411000000000000000e+03
4.424000000000000000e+03
4.439000000000000000e+03
4.450000000000000000e+03
4.460000000000000000e+03
4.473000000000000000e+03
4.474000000000000000e+03
4.482000000000000000e+03
4.492000000000000000e+03
4.525000000000000000e+03
4.533000000000000000e+03
4.540000000000000000e+03
4.581000000000000000e+03
4.590000000000000000e+03
4.603000000000000000e+03
4.612000000000000000e+03
4.613000000000000000e+03
4.627000000000000000e+03
4.644000000000000000e+03
4.645000000000000000e+03
4.662000000000000000e+03
4.663000000000000000e+03
4.678000000000000000e+03
4.682000000000000000e+03
4.687000000000000000e+03
4.694000000000000000e+03
4.696000000000000000e+03
4.698000000000000000e+03
4.714000000000000000e+03
4.715000000000000000e+03
4.721000000000000000e+03
4.729000000000000000e+03
4.742000000000000000e+03
4.750000000000000000e+03
4.758000000000000000e+03
4.774000000000000000e+03
4.787000000000000000e+03
4.787000000000000000e+03
4.803000000000000000e+03
4.831000000000000000e+03
4.845000000000000000e+03
4.853000000000000000e+03
4.903000000000000000e+03
4.927000000000000000e+03
4.936000000000000000e+03
4.967000000000000000e+03
4.969000000000000000e+03
4.973000000000000000e+03
4.991000000000000000e+03
4.993000000000000000e+03
4.999000000000000000e+03
5.001000000000000000e+03
5.008000000000000000e+03
5.010000000000000000e+03
5.014000000000000000e+03
5.048000000000000000e+03
5.051000000000000000e+03
5.055000000000000000e+03
5.055000000000000000e+03
5.059000000000000000e+03
5.059000000000000000e+03
5.085000000000000000e+03
5.109000000000000000e+03
5.118000000000000000e+03
5.119000000000000000e+03
5.120000000000000000e+03
5.145000000000000000e+03
5.156000000000000000e+03
5.161000000000000000e+03
5.168000000000000000e+03
5.174000000000000000e+03
5.177000000000000000e+03
5.183000000000000000e+03
5.197000000000000000e+03
5.206000000000000000e+03
5.217000000000000000e+03
5.226000000000000000e+03
5.238000000000000000e+03
5.248000000000000000e+03
5.253000000000000000e+03
5.270000000000000000e+03
5.288000000000000000e+03
5.292000000000000000e+03
5.300000000000000000e+03
5.301000000000000000e+03
5.319000000000000000e+03
5.337000000000000000e+03
5.354000000000000000e+03
5.372000000000000000e+03
5.381000000000000000e+03
5.382000000000000000e+03
5.386000000000000000e+03
5.400000000000000000e+03
5.404000000000000000e+03
5.416000000000000000e+03
5.418000000000000000e+03
5.437000000000000000e+03
5.439000000000000000e+03
5.440000000000000000e+03
5.451000000000000000e+03
5.453000000000000000e+03
5.464000000000000000e+03
5.470000000000000000e+03
5.498000000000000000e+03
5.504000000000000000e+03
5.506000000000000000e+03
5.509000000000000000e+03
5.528000000000000000e+03
5.535000000000000000e+03
5.538000000000000000e+03
5.538000000000000000e+03
5.562000000000000000e+03
5.566000000000000000e+03
5.568000000000000000e+03
5.577000000000000000e+03
5.583000000000000000e+03
5.591000000000000000e+03
5.599000000000000000e+03
5.615000000000000000e+03
5.633000000000000000e+03
5.645000000000000000e+03
5.673000000000000000e+03
5.674000000000000000e+03
5.676000000000000000e+03
5.682000000000000000e+03
5.686000000000000000e+03
5.695000000000000000e+03
5.705000000000000000e+03
5.707000000000000000e+03
5.726000000000000000e+03
5.737000000000000000e+03
5.738000000000000000e+03
5.750000000000000000e+03
5.765000000000000000e+03
5.790000000000000000e+03
5.790000000000000000e+03
5.796000000000000000e+03
5.800000000000000000e+03
5.815000000000000000e+03
5.817000000000000000e+03
5.818000000000000000e+03
5.822000000000000000e+03
5.828000000000000000e+03
5.838000000000000000e+03
5.840000000000000000e+03
5.851000000000000000e+03
5.872000000000000000e+03
5.883000000000000000e+03
5.905000000000000000e+03
5.908000000000000000e+03
5.913000000000000000e+03
5.938000000000000000e+03
5.940000000000000000e+03
5.967000000000000000e+03
5.977000000000000000e+03
5.996000000000000000e+03
5.998000000000000000e+03
6.003000000000000000e+03
6.012000000000000000e+03
6.015000000000000000e+03
6.029000000000000000e+03
6.030000000000000000e+03
6.035000000000000000e+03
6.049000000000000000e+03
6.055000000000000000e+03
6.063000000000000000e+03
6.067000000000000000e+03
6.072000000000000000e+03
6.078000000000000000e+03
6.079000000000000000e+03
6.084000000000000000e+03
6.109000000000000000e+03
6.111000000000000000e+03
6.121000000000000000e+03
6.148000000000000000e+03
6.159000000000000000e+03
6.163000000000000000e+03
6.178000000000000000e+03
6.178000000000000000e+03
6.187000000000000000e+03
6.202000000000000000e+03
6.263000000000000000e+03
6.280000000000000000e+03
6.286000000000000000e+03
6.290000000000000000e+03
6.291000000000000000e+03
6.294000000000000000e+03
6.299000000000000000e+03
6.305000000000000000e+03
6.321000000000000000e+03
6.322000000000000000e+03
6.363000000000000000e+03
6.365000000000000000e+03
6.384000000000000000e+03
6.390000000000000000e+03
6.394000000000000000e+03
6.396000000000000000e+03
6.409000000000000000e+03
6.410000000000000000e+03
6.435000000000000000e+03
6.441000000000000000e+03
6.443000000000000000e+03
6.460000000000000000e+03
6.476000000000000000e+03
6.482000000000000000e+03
6.489000000000000000e+03
6.503000000000000000e+03
6.506000000000000000e+03
6.514000000000000000e+03
6.532000000000000000e+03
6.542000000000000000e+03
6.560000000000000000e+03
6.582000000000000000e+03
6.590000000000000000e+03
6.611000000000000000e+03
6.626000000000000000e+03
6.649000000000000000e+03
6.658000000000000000e+03
6.674000000000000000e+03
6.678000000000000000e+03
6.682000000000000000e+03
6.683000000000000000e+03
6.695000000000000000e+03
6.701000000000000000e+03
6.717000000000000000e+03
6.722000000000000000e+03
6.733000000000000000e+03
6.736000000000000000e+03
6.738000000000000000e+03
6.739000000000000000e+03
6.756000000000000000e+03
6.778000000000000000e+03
6.793000000000000000e+03
6.806000000000000000e+03
6.828000000000000000e+03
6.839000000000000000e+03
6.840000000000000000e+03
6.842000000000000000e+03
6.846000000000000000e+03
6.848000000000000000e+03
6.848000000000000000e+03
6.850000000000000000e+03
6.855000000000000000e+03
6.858000000000000000e+03
6.864000000000000000e+03
6.867000000000000000e+03
6.873000000000000000e+03
6.875000000000000000e+03
6.877000000000000000e+03
6.896000000000000000e+03
6.904000000000000000e+03
6.908000000000000000e+03
6.912000000000000000e+03
6.925000000000000000e+03
6.934000000000000000e+03
6.941000000000000000e+03
6.943000000000000000e+03
6.945000000000000000e+03
6.948000000000000000e+03
6.965000000000000000e+03
6.965000000000000000e+03
6.970000000000000000e+03
6.984000000000000000e+03
6.988000000000000000e+03
7.007000000000000000e+03
7.008000000000000000e+03
7.009000000000000000e+03
7.010000000000000000e+03
7.011000000000000000e+03
7.022000000000000000e+03
7.023000000000000000e+03
7.026000000000000000e+03
7.027000000000000000e+03
7.040000000000000000e+03
7.045000000000000000e+03
7.047000000000000000e+03
7.049000000000000000e+03
7.055000000000000000e+03
7.094000000000000000e+03
7.114000000000000000e+03
7.133000000000000000e+03
7.137000000000000000e+03
7.139000000000000000e+03
7.144000000000000000e+03
7.149000000000000000e+03
7.149000000000000000e+03
7.161000000000000000e+03
7.164000000000000000e+03
7.177000000000000000e+03
7.179000000000000000e+03
7.183000000000000000e+03
7.183000000000000000e+03
7.185000000000000000e+03
7.190000000000000000e+03
7.201000000000000000e+03
7.203000000000000000e+03
7.214000000000000000e+03
7.225000000000000000e+03
7.227000000000000000e+03
7.229000000000000000e+03
7.242000000000000000e+03
7.259000000000000000e+03
7.280000000000000000e+03
7.300000000000000000e+03
7.302000000000000000e+03
7.305000000000000000e+03
7.307000000000000000e+03
7.310000000000000000e+03
7.314000000000000000e+03
7.334000000000000000e+03
7.338000000000000000e+03
7.341000000000000000e+03
7.342000000000000000e+03
7.365000000000000000e+03
7.386000000000000000e+03
7.418000000000000000e+03
7.451000000000000000e+03
7.456000000000000000e+03
7.463000000000000000e+03
7.467000000000000000e+03
7.469000000000000000e+03
7.473000000000000000e+03
7.476000000000000000e+03
7.479000000000000000e+03
7.482000000000000000e+03
7.482000000000000000e+03
7.502000000000000000e+03
7.505000000000000000e+03
7.512000000000000000e+03
7.518000000000000000e+03
7.528000000000000000e+03
7.544000000000000000e+03
7.549000000000000000e+03
7.555000000000000000e+03
7.576000000000000000e+03
7.578000000000000000e+03
7.583000000000000000e+03
7.584000000000000000e+03
7.586000000000000000e+03
7.590000000000000000e+03
7.603000000000000000e+03
7.603000000000000000e+03
7.605000000000000000e+03
7.606000000000000000e+03
7.625000000000000000e+03
7.639000000000000000e+03
7.641000000000000000e+03
7.642000000000000000e+03
7.671000000000000000e+03
7.672000000000000000e+03
7.710000000000000000e+03
7.736000000000000000e+03
7.768000000000000000e+03
7.769000000000000000e+03
7.771000000000000000e+03
7.777000000000000000e+03
7.785000000000000000e+03
7.789000000000000000e+03
7.791000000000000000e+03
7.807000000000000000e+03
7.812000000000000000e+03
7.812000000000000000e+03
7.815000000000000000e+03
7.816000000000000000e+03
7.831000000000000000e+03
7.831000000000000000e+03
7.836000000000000000e+03
7.851000000000000000e+03
7.852000000000000000e+03
7.872000000000000000e+03
7.877000000000000000e+03
7.882000000000000000e+03
7.905000000000000000e+03
7.925000000000000000e+03
7.928000000000000000e+03
7.934000000000000000e+03
7.940000000000000000e+03
7.946000000000000000e+03
7.947000000000000000e+03
7.954000000000000000e+03
7.955000000000000000e+03
7.977000000000000000e+03
7.987000000000000000e+03
7.995000000000000000e+03
7.995000000000000000e+03
8.016000000000000000e+03
8.032000000000000000e+03
8.047000000000000000e+03
8.073000000000000000e+03
8.077000000000000000e+03
8.082000000000000000e+03
8.105000000000000000e+03
8.114000000000000000e+03
8.119000000000000000e+03
8.119000000000000000e+03
8.121000000000000000e+03
8.121000000000000000e+03
8.131000000000000000e+03
8.149000000000000000e+03
8.151000000000000000e+03
8.161000000000000000e+03
8.169000000000000000e+03
8.191000000000000000e+03
8.201000000000000000e+03
8.224000000000000000e+03
8.231000000000000000e+03
8.233000000000000000e+03
8.235000000000000000e+03
8.263000000000000000e+03
8.264000000000000000e+03
8.272000000000000000e+03
8.272000000000000000e+03
8.274000000000000000e+03
8.274000000000000000e+03
8.297000000000000000e+03
8.302000000000000000e+03
8.303000000000000000e+03
8.341000000000000000e+03
8.385000000000000000e+03
8.387000000000000000e+03
8.401000000000000000e+03
8.408000000000000000e+03
8.425000000000000000e+03
8.454000000000000000e+03
8.462000000000000000e+03
8.467000000000000000e+03
8.470000000000000000e+03
8.471000000000000000e+03
8.479000000000000000e+03
8.485000000000000000e+03
8.485000000000000000e+03
8.485000000000000000e+03
8.494000000000000000e+03
8.497000000000000000e+03
8.506000000000000000e+03
8.538000000000000000e+03
8.545000000000000000e+03
8.548000000000000000e+03
8.563000000000000000e+03
8.573000000000000000e+03
8.588000000000000000e+03
8.604000000000000000e+03
8.610000000000000000e+03
8.669000000000000000e+03
8.673000000000000000e+03
8.680000000000000000e+03
8.684000000000000000e+03
8.687000000000000000e+03
8.711000000000000000e+03
8.752000000000000000e+03
8.752000000000000000e+03
8.764000000000000000e+03
8.769000000000000000e+03
8.770000000000000000e+03
8.773000000000000000e+03
8.785000000000000000e+03
8.793000000000000000e+03
8.795000000000000000e+03
8.796000000000000000e+03
8.800000000000000000e+03
8.816000000000000000e+03
8.844000000000000000e+03
8.848000000000000000e+03
8.889000000000000000e+03
8.915000000000000000e+03
8.916000000000000000e+03
8.926000000000000000e+03
8.930000000000000000e+03
8.933000000000000000e+03
8.940000000000000000e+03
8.974000000000000000e+03
8.978000000000000000e+03
8.987000000000000000e+03
8.992000000000000000e+03
8.996000000000000000e+03
8.998000000000000000e+03
9.004000000000000000e+03
9.012000000000000000e+03
9.043000000000000000e+03
9.083000000000000000e+03
9.086000000000000000e+03
9.101000000000000000e+03
9.105000000000000000e+03
9.127000000000000000e+03
9.139000000000000000e+03
9.153000000000000000e+03
9.175000000000000000e+03
9.197000000000000000e+03
9.212000000000000000e+03
9.217000000000000000e+03
9.224000000000000000e+03
9.224000000000000000e+03
9.235000000000000000e+03
9.241000000000000000e+03
9.243000000000000000e+03
9.243000000000000000e+03
9.248000000000000000e+03
9.262000000000000000e+03
9.274000000000000000e+03
9.285000000000000000e+03
9.288000000000000000e+03
9.299000000000000000e+03
9.304000000000000000e+03
9.304000000000000000e+03
9.317000000000000000e+03
9.330000000000000000e+03
9.333000000000000000e+03
9.344000000000000000e+03
9.345000000000000000e+03
9.355000000000000000e+03
9.380000000000000000e+03
9.388000000000000000e+03
9.389000000000000000e+03
9.393000000000000000e+03
9.400000000000000000e+03
9.405000000000000000e+03
9.405000000000000000e+03
9.406000000000000000e+03
9.427000000000000000e+03
9.440000000000000000e+03
9.482000000000000000e+03
9.483000000000000000e+03
9.500000000000000000e+03
9.507000000000000000e+03
9.508000000000000000e+03
9.511000000000000000e+03
9.532000000000000000e+03
9.547000000000000000e+03
9.580000000000000000e+03
9.589000000000000000e+03
9.594000000000000000e+03
9.602000000000000000e+03
9.603000000000000000e+03
9.608000000000000000e+03
9.615000000000000000e+03
9.628000000000000000e+03
9.642000000000000000e+03
9.644000000000000000e+03
9.648000000000000000e+03
9.650000000000000000e+03
9.660000000000000000e+03
9.666000000000000000e+03
9.669000000000000000e+03
9.686000000000000000e+03
9.688000000000000000e+03
9.688000000000000000e+03
9.710000000000000000e+03
9.732000000000000000e+03
9.741000000000000000e+03
9.744000000000000000e+03
9.777000000000000000e+03
9.778000000000000000e+03
9.781000000000000000e+03
9.786000000000000000e+03
9.788000000000000000e+03
9.809000000000000000e+03
9.824000000000000000e+03
9.829000000000000000e+03
9.837000000000000000e+03
9.839000000000000000e+03
9.863000000000000000e+03
9.871000000000000000e+03
9.892000000000000000e+03
9.893000000000000000e+03
9.898000000000000000e+03
9.898000000000000000e+03
9.923000000000000000e+03
9.926000000000000000e+03
9.938000000000000000e+03
9.941000000000000000e+03
9.946000000000000000e+03
9.986000000000000000e+03
9.987000000000000000e+03
9.998000000000000000e+03
1.000000000000000000e+04
